           0
           0
           0
           0
           0
           0
       0.001
           0
           0
 0.000499307
-0.000102938
 0.000100678
       0.001
           0
           0
 0.000499307
 0.000102937
 0.000100678
 0.000221451
 2.82162e-10
 7.16062e-05
 0.000782335
 1.33723e-10
  7.1745e-05
           0
           0
           0
       0.001
           0
           0
 0.000499307
 0.000102937
-0.000100679
       0.001
           0
           0
           0
           0
           0
 0.000499307
-0.000102937
-0.000100678
 0.000782335
 1.33726e-10
-7.17452e-05
 0.000221451
 2.82154e-10
-7.16055e-05
 0.000772403
 7.09587e-05
 2.33063e-11
 0.000221469
 7.19213e-05
  2.6206e-10
 0.000221469
-7.19206e-05
 2.62053e-10
 0.000772404
-7.09589e-05
 2.33102e-11
           0
           0
           0
       0.001
           0
           0
  0.00050119
 5.49553e-09
 5.37477e-09