         0
         0
         0
         0
         0
         0
 -0.705128
 -0.320513
  0.320513
 0.0480769
-0.0160256
 0.0160256
 -0.817308
  0.336538
  0.400641
 0.0480769
 0.0160256
 0.0160256
         0
         0
         0
   1.02564
         0
  0.384615
         0
         0
         0
 -0.817308
  0.400641
 -0.336538
 0.0480769
 0.0160256
-0.0160256
 -0.929487
 -0.416667
 -0.416667
         0
         0
         0
 0.0480769
-0.0160256
-0.0160256
   1.02564
         0
 -0.384615
         0
         0
         0
   1.47436
  0.384615
         0
         0
         0
         0
         0
         0
         0
   1.47436
 -0.384615
         0
         0
         0
         0
  -1.79487
         0
         0
         0
         0
         0