822510210 4 1
3403635796 4 1
2049914373 4 0
462389923 4 0
336072663 4 1
663526128 4 0
60117513 4 1
1647641963 4 1
2367882537 4 1
780358087 4 0
1521324703 4 1
303405843 4 0
303405845 4 0
2367882538 4 1
303405844 4 0
1890930291 4 1
3994964523 4 1
826924111 4 1
826924112 4 0
1816045411 4 0
1657061330 4 0
4263692087 4 1
1042308987 4 0
1735402274 4 1
905265056 4 1
524017981 4 1
905265055 4 0
1216301047 4 1
810503496 4 0
1650460384 4 0
2237046334 4 0
2524345205 4 0
1937759255 4 0
705678251 4 0
948637962 4 1
4177424541 4 0
249957243 4 0
3276355173 4 0
1758599219 4 0
2554986743 4 0
251394867 4 0
261253718 4 1
1848778168 4 1
2208898455 4 0
621374005 4 0
3076182331 4 1
303405842 4 0
3190950820 4 0
3244446670 4 0
29840235 4 0
2957147793 4 0
4261434371 4 1
2381781740 4 0
3880588042 4 1
1086385472 4 0
125451157 4 0
2440106895 4 1
4039572124 4 0
1299462456 4 1
2244244583 4 0
2689306765 4 0
2604364870 4 0
1298661057 4 1
1265099290 4 0
880523153 4 0
1266763816 4 1
3487153911 4 1
347277979 4 0
3262113252 4 0
2156457833 4 0
2465908833 4 0
887853660 4 0
2178191566 4 1
274379071 4 1
1791950907 4 0
4183105708 4 0
4017723307 4 1
2032458447 4 0
1797364572 4 0
1100690231 4 0
3597966006 4 0
305769827 4 0
763650206 4 1
581252314 4 1
2112962225 4 1
2381853749 4 0
2915218523 4 1
4179750548 4 0
2523718142 4 1
2525382663 4 0
4181415064 4 0
1277613639 4 1
2615656776 4 1
3015224547 4 1
89635858 4 0
40724175 4 1
89635856 4 0
908008051 4 1
2147940671 4 0
1855014750 4 0
3989260324 4 0
3852097 4 0
3831213339 4 1
262772100 4 1
922634288 4 1
2276355711 4 0
142110137 4 1
4076957146 4 1
1360360895 4 1
2049914378 4 0
2313723700 4 1
698012266 4 0
2477486911 4 1
698012265 4 0
784371243 4 1
4006839368 4 0
1126474124 4 1
766353837 4 0
3763756083 4 0
808505960 4 0
2636475998 4 0
573625754 4 0
1519344977 4 1
3047265573 4 1
2795460080 4 1
601980585 4 0
601980586 4 1
2510526881 4 1
2351542800 4 1
1236247647 4 1
732609835 4 0
3716836859 4 1
1009394013 4 0
2363115436 4 0
1628248542 4 1
2873754776 4 0
1371448493 4 1
2872090259 4 1
2421499687 4 1
578197348 4 0
760964666 4 0
1557544857 4 1
1554215811 4 0
1555880340 4 1
1392007898 4 1
1385349801 4 0
3859043343 4 1
3865701440 4 1
963474675 4 1
1155752014 4 1
3696243726 4 1
3697908242 4 0
478717007 4 0
3342090251 4 1
3976357315 4 1
2380742270 4 1
404154719 4 0
3933298797 4 0
405819244 4 1
3769496811 4 1
749345344 4 0
477974954 4 1
1618460290 4 0
1584157335 4 0
1620124815 4 1
939342169 4 0
4240708329 4 0
504542047 4 0
1894386360 4 0
1414724957 4 1
114959761 4 0
1414724952 4 0
305769826 4 0
1334087700 4 0
726374963 4 0
747501750 4 0
3894086499 4 1
746280974 4 0
4246948521 4 1
3700059262 4 1
3700059261 4 1
4087964440 4 0
267387555 4 0
1502557089 4 0
1481430296 4 0
127708873 4 0
148835666 4 0
2708834459 4 1
1703693295 4 1
3567033782 4 0
1725772655 4 1
2049548973 4 0
2107019732 4 1
2907748296 4 1
4137005926 4 1
4135341401 4 0
476310429 4 0
1618619392 4 0
752067128 4 1
3728919077 4 1
625127101 4 1
3728919072 4 0
2462865679 4 1
3209295846 4 1
3892539265 4 0
3511292190 4 0
3701251049 4 0
4082498124 4 0
710648303 4 1
3029173659 4 0
984629494 4 0
2867225342 4 0
162836179 4 0
986294011 4 0
2706576743 4 1
2375735938 4 0
1187939265 4 0
2208945096 4 0
3453322857 4 0
2212274138 4 0
866642059 4 1
3774620063 4 1
2957340663 4 0
2434707246 4 0
2418740001 4 1
2438036290 4 0
1229979403 4 1
3456651901 4 0
976727191 4 1
1266404391 4 0
3335897350 4 0
2970230213 4 1
2583989550 4 1
4174567683 4 0
265841050 4 1
457821931 4 1
2469891469 4 0
3422497564 4 0
2585049247 4 0
347424083 4 1
3150579776 4 0
3971336004 4 0
2935453641 4 1
1846668703 4 1
1846668701 4 1
2617485479 4 0
204995559 4 1
1996792991 4 1
3972180795 4 1
693235044 4 0
693235043 4 0
3813196714 4 1
3858402291 4 0
3377102812 4 1
3378767333 4 0
1500273353 4 0
3568726192 4 0
2830213551 4 1
2503343766 4 0
2222797663 4 0
1841550587 4 0
2858733987 4 0
1523582419 4 1
2285536715 4 1
39445935 4 0
3953166155 4 0
3001364969 4 0
3382612045 4 1
3856759499 4 1
383692717 4 1
2715764336 4 1
1224210941 4 0
1219217359 4 0
1605458018 4 1
7833067 4 1
2610939092 4 0
2661644650 4 1
2471685791 4 1
2082116091 4 1
2470021270 4 0
2299167715 4 1
1854884482 4 0
807962084 4 0
43260400 4 1
207310573 4 0
972012257 4 0
1114392115 4 1
1735953150 4 1
1874151437 4 1
130302634 4 0
128638117 4 1
283573304 4 0
1482805775 4 1
3281068600 4 1
2008047393 4 1
434207729 4 1
2317498392 4 1
3369944444 4 1
2676034710 4 1
2617135879 4 0
2674370189 4 1
3484419755 4 1
2502660568 4 0
3624141205 4 0
3356420848 4 0
1230089039 4 0
3794995316 4 0
2669249743 4 1
4004415221 4 1
4184165048 4 0
4180835999 4 0
225994119 4 0
229323168 4 0
2445942800 4 0
4048725530 4 1
4209374127 4 1
1346000883 4 0
4050390046 4 1
3938699106 4 1
2815846321 4 1
2429605658 4 0
1312740945 4 0
1698981608 4 0
4015465591 4 1
882367019 4 0
649273726 4 1
2677618679 4 0
2500996048 4 0
3756950088 4 0
1841127793 4 0
2972157941 4 0
298362334 4 1
2815846320 4 1
3148181715 4 0
3726045754 4 0
2858733988 4 0
3353091183 4 0
1380612767 4 0
3734338260 4 1
636993146 4 1
249087967 4 0
567056129 4 0
954961308 4 1
90103883 4 1
2656937979 4 0
1412544804 4 0
1636399810 4 0
1275355923 4 1
1008189763 4 0
2685850702 4 1
2846499300 4 0
2687515219 4 0
4097683188 4 0
1395231730 4 0
1395231729 4 1
1396896259 4 0
916660264 4 0
2744450941 4 0
1726801679 4 1
3278112730 4 0
2260535879 4 1
105990832 4 1
1021476231 4 1
4199853823 4 0
284895509 4 1
1898559824 4 0
1099663273 4 1
1875473638 4 0
338618475 4 1
718904669 4 1
717240143 4 0
1728466205 4 1
3114814167 4 1
103063829 4 0
3653184817 4 1
3651520287 4 0
661060203 4 0
662724733 4 1
1479896485 4 1
2687227 4 1
4294325479 4 0
1022711 4 1
3625075234 4 0
3625075233 4 0
2351542799 4 0
2813462546 4 0
1185268170 4 1
1446446680 4 0
1906791111 4 1
1645612601 4 1
684581954 4 0
154165748 4 0
152501221 4 0
2954011619 4 1
2955676146 4 0
126184036 4 1
264176524 4 1
2839770904 4 0
4150307741 4 1
3224347041 4 1
3608587534 4 0
228054274 4 1
3757198352 4 0
2639145287 4 1
3404968505 4 0
3994310111 4 0
2777891082 4 0
2117371629 4 1
4278093351 4 1
2477491916 4 1
227165916 4 0
4134228031 4 0
2294696292 4 0
377438655 4 1
682895332 4 0
1796176816 4 0
1700029693 4 1
2397915573 4 0
2571987176 4 0
2463673523 4 1
41462138 4 1
2870425734 4 0
3057436015 4 0
3059100540 4 0
2067545435 4 1
634503559 4 1
634503560 4 0
4207709611 4 0
1143613575 4 0
809876432 4 0
1076477436 4 0
1436597721 4 0
1845629693 4 0
3210960363 4 1
3368279923 4 0
3209295842 4 1
136600979 4 0
924219336 4 0
1401171579 4 0
2176981936 4 0
916711829 4 1
467698691 4 0
3892053069 4 0
317326347 4 0
3175141537 4 1
2051894099 4 1
4182908109 4 0
2903170133 4 0
3623410707 4 0
2595383659 4 0
1482508171 4 0
4174221124 4 1
1498409371 4 1
646741562 4 0
2049333999 4 1
2932124599 4 1
3850704709 4 0
3464464057 4 0
4132563511 4 0
223836867 4 0
2593311549 4 0
3237291203 4 1
2458151801 4 0
3094088125 4 1
3873227527 4 0
1670744279 4 1
2703857984 4 0
2072534049 4 0
1039420344 4 0
2093260091 4 1
2676425309 4 1
2047003423 4 1
2164636865 4 0
1975626649 4 0
3969080944 4 0
694626538 4 0
3866499003 4 0
3420833037 4 0
2928186048 4 0
551162024 4 1
2420404522 4 0
2619614863 4 0
1543681255 4 1
314814346 4 0
2483125751 4 0
2638662351 4 1
3889874860 4 1
322472464 4 0
2486672921 4 0
244540832 4 0
604661119 4 0
3840394344 4 0
2339228871 4 1
508955953 4 0
3272545456 4 0
3272545460 4 0
2030910267 4 0
1394973943 4 0
1768598319 4 0
1732760796 4 0
2262257818 4 0
2072298959 4 1
1684393777 4 1
2072298956 4 0
2953850359 4 1
300620052 4 0
1657061333 4 0
1682566501 4 1
1703693291 4 0
3370903043 4 0
1642199166 4 1
2496045512 4 0
2886304797 4 0
2032458451 4 0
1772902320 4 0
2304554723 4 1
2304554720 4 0
103850543 4 0
103850546 4 0
3963872371 4 0
591222181 4 0
194994375 4 0
972469258 4 0
3854025343 4 1
347348752 4 0
212304155 4 1
2304603951 4 1
757945773 4 1
2309597533 4 1
583346279 4 1
386903649 4 0
2028525726 4 0
1322610473 4 1
969291654 4 0
1067921225 4 0
2851962930 4 1
1703857550 4 1
1703857549 4 0
112121692 4 0
3100223789 4 1
2510263847 4 1
3100223790 4 0
3388109175 4 0
365033900 4 0
1258494906 4 0
1209876523 4 0
146765279 4 1
307025406 4 0
3648117719 4 1
1333832898 4 0
4165823450 4 0
3889874861 4 0
985936086 4 1
338618476 4 0
3010947011 4 0
608423783 4 0
2340784392 4 0
226044026 4 0
3026061141 4 1
620607311 4 0
1512820190 4 1
3595238586 4 1
2257174347 4 0
1486357569 4 1
2255509824 4 0
3016889068 4 0
2131325907 4 1
1743420729 4 0
2379357053 4 1
2767262231 4 0
216474847 4 1
3968431537 4 0
2257971942 4 0
1277137125 4 0
2460607963 4 0
479665872 4 0
2755561711 4 0
2748903613 4 0
1743420725 4 1
1750078823 4 1
4236192677 4 0
2798163711 4 1
1357682563 4 0
3235166413 4 0
2639179629 4 0
1598185440 4 1
2188806493 4 0
615430866 4 0
3418191952 4 0
121952063 4 0
2113944066 4 0
4157100685 4 1
1439201358 4 0
2132226101 4 0
2157763523 4 1
2651242325 4 1
1771597793 4 0
1696735367 4 0
1469127419 4 1
2256593721 4 0
3128686117 4 0
3127021595 4 0
3514926776 4 0
2863507602 4 1
2334897514 4 0
936462134 4 0
636993145 4 1
249087965 4 1
3567061672 4 0
3185460885 4 0
4097552915 4 0
478018039 4 0
3424998995 4 1
378258981 4 1
3019909435 4 0
997562277 4 0
4165823449 4 0
3370903045 4 0
795977226 4 1
249087966 4 0
2376823106 4 0
2376823105 4 1
587013996 4 0
1692339898 4 1
865860246 4 0
1926142925 4 0
4028091612 4 1
567056130 4 0
726040211 4 0
1113945389 4 0
4202234564 4 0
2846896838 4 0
2537445838 4 0
3918028553 4 0
1543768961 4 0
1882436315 4 0
331850259 4 0
2270341496 4 1
1617994220 4 0
4245680593 4 0
2017619250 4 0
647374599 4 0
3103732625 4 0
3573471918 4 0
2630741865 4 0
2989197633 4 0
3018647046 4 0
992346332 4 0
197391813 4 0
2638287223 4 1
2218006327 4 0
2639951749 4 0
4288865749 4 0
454933772 4 1
1728466206 4 0
988667972 4 0
3291803528 4 0
2072626093 4 1
3276022526 4 0
1903727378 4 0
1514157670 4 0
3831897145 4 1
4221466853 4 1
1438689679 4 1
179009980 4 0
991369154 4 0
3054657495 4 0
182123380 4 0
2318069599 4 0
1610589600 4 1
2834537613 4 0
2962974877 4 1
3969080945 4 0
3048758019 4 0
296073765 4 0
297738291 4 0
108365380 4 0
1896924820 4 0
3055759399 4 0
3037093816 4 0
2843350825 4 1
2840021779 4 0
1315635237 4 1
1318964283 4 0
1224268423 4 0
14822944 4 0
3923549577 4 1
821496205 4 0
1207736868 4 0
1929562127 4 1
1547800259 4 0
1546135737 4 1
2315288002 4 0
137297146 4 0
1447610490 4 0
1447610486 4 0
1371448497 4 0
374704499 4 1
3167521364 4 0
457846812 4 0
747680819 4 0
2357379442 4 0
497036471 4 0
2779555607 4 1
1100690232 4 0
910731372 4 0
522826193 4 1
910731373 4 1
298033687 4 1
3825513244 4 0
78109197 4 0
845596936 4 1
2257249269 4 0
1856875705 4 0
1972297607 4 0
419723599 4 0
1339690325 4 0
674205026 4 0
1754565885 4 0
1445021802 4 0
1494075497 4 0
1800041148 4 1
3636640035 4 0
1801705668 4 1
461043737 4 0
1631939770 4 1
1631939768 4 1
3552627376 4 0
1190908886 4 0
3626229517 4 0
697430084 4 0
3673340922 4 0
1551663652 4 0
456665995 4 0
1218480398 4 0
892729422 4 0
290772064 4 1
1235461516 4 0
1595581803 4 0
1644493487 4 1
2205749980 4 0
3398779250 4 1
3398779252 4 0
2134013575 4 0
1816045413 4 0
3815161218 4 0
371985290 4 1
371985291 4 0
1645341651 4 1
1486357570 4 0
2124087006 4 0
1836144387 4 1
780846875 4 0
1549999129 4 0
2414493905 4 0
4183466946 4 0
3802219871 4 0
4225981757 4 0
312261536 4 0
2795370632 4 1
1644493492 4 0
1546987533 4 0
948595181 4 0
396331865 4 0
969605033 4 0
3000750187 4 0
1412880187 4 0
1378218341 4 0
831009253 4 0
61856995 4 1
1394279359 4 0
2395838399 4 0
1032057208 4 0
1860098379 4 0
1428285014 4 0
4247136483 4 0
2940491047 4 0
3088983700 4 0
2311508818 4 0
2470492899 4 1
3247967781 4 0
3488657367 4 0
4060758432 4 0
2202313560 4 1
2193990937 4 0
3802387919 4 1
3810710542 4 0
2176981940 4 0
22950638 4 0
2568326737 4 0
798760999 4 0
1285458206 4 0
205097345 4 0
495056745 4 0
125911424 4 1
3643403837 4 1
125911423 4 0
1495454132 4 0
1336361283 4 0
1670744283 4 1
1473772271 4 1
716873463 4 0
3797880496 4 0
3747211209 4 0
2368691949 4 0
3459701658 4 0
1324789432 4 0
3075433458 4 0
466924093 4 0
2301901871 4 1
3249489136 4 0
195727287 4 0
461743034 4 0
2110657034 4 0
3445708329 4 0
2447840282 4 0
2544263241 4 0
1403586940 4 0
723084481 4 0
4035898790 4 0
1543342893 4 0
132165716 4 0
3069124111 4 0
1027290667 4 1
632839033 4 0
1713199893 4 0
1873848501 4 0
2672560276 4 0
3455364765 4 0
2677889889 4 0
1895085400 4 0
2969326267 4 0
2835663250 4 0
3356716572 4 1
3590519599 4 0
1297032351 4 0
992675955 4 0
381910067 4 0
1070490947 4 0
3851733727 4 0
2335588630 4 0
289940319 4 0
289940320 4 0
1038028511 4 0
137089684 4 0
1481561004 4 0
3136824615 4 1
3955581646 4 0
3569340992 4 0
4013052947 4 0
104326305 4 0
2072626092 4 0
454933771 4 0
4023221495 4 0
1118256905 4 1
1976414279 4 0
3079031303 4 0
1019857399 4 0
686674145 4 0
1773836478 4 0
1336847478 4 1
3917973064 4 1
2564251641 4 0
2365428645 4 0
2365428641 4 0
2746675721 4 0
985908195 4 1
919249732 4 0
4157352604 4 1
1029996741 4 0
158274568 4 0
4065336685 4 1
534670458 4 0
1233221031 4 1
3341875440 4 0
310550783 4 0
4209290272 4 0
3422288948 4 0
174557819 4 1
2208131761 4 0
2549251202 4 0
1684393780 4 0
587613436 4 0
3515700654 4 1
3496944902 4 1
3857065189 4 0
3749503681 4 0
3389383394 4 1
4100470563 4 1
1628886212 4 0
286560026 4 0
1301491605 4 1
4005880768 4 1
117219135 4 0
1374777539 4 0
1221262333 4 0
920040875 4 1
2221335373 4 0
2862733198 4 0
2157721291 4 0
4287201223 4 0
3640208074 4 0
744310087 4 0
670175886 4 0
301094219 4 1
3155580367 4 1
985908196 4 0
2292997657 4 0
2134013576 4 0
3380146245 4 0
4288460098 4 0
196002193 4 0
2566913159 4 0
1279309760 4 0
265871039 4 0
2540765821 4 1
1682566504 4 0
2063813578 4 0
2582325033 4 0
1608925083 4 0
3296121358 4 0
1694207987 4 0
920173805 4 0
2000534665 4 0
1301420879 4 0
1153976831 4 1
976418912 4 1
3660053414 4 0
555215053 4 0
2166547847 4 0
1658384206 4 0
316069257 4 0
593551232 4 0
2349874370 4 0
235430418 4 0
3947449360 4 1
1555984864 4 0
3190891480 4 0
1342948287 4 0
4043483913 4 0
3776732826 4 0
163181455 4 1
409736567 4 0
408072047 4 0
3730791478 4 0
3617748745 4 0
4188482839 4 0
942320867 4 0
2428498781 4 0
3649021338 4 0
1242409679 4 0
4096895827 4 0
341011646 4 0
981592206 4 0
3354135677 4 0
3347477575 4 0
887499991 4 0
3445748717 4 0
2616285819 4 0
3136971336 4 0
3130313235 4 0
3892400502 4 0
2517377239 4 0
3534483622 4 0
4265614289 4 0
1675541684 4 1
2526866620 4 0
257559839 4 0
3834806715 4 0
3224011397 4 0
3211843401 4 0
4224107371 4 0
2301498073 4 0
2584977683 4 0
2484714496 4 0
996384430 4 0
3570808365 4 0
2631099439 4 0
1410990059 4 1
121912644 4 0
865464092 4 0
547832982 4 0
3701091943 4 0
695130022 4 1
2944536125 4 0
3664776699 4 0
3402572868 4 0
2364734066 4 0
3723122515 4 0
1335890651 4 0
1348862923 4 0
2192119599 4 0
2595383660 4 0
534809515 4 0
3915507139 4 0
3801749764 4 0
1531673128 4 0
3244651719 4 0
3082418678 4 0
3318671871 4 0
1073590503 4 0
4253578583 4 0
4263949759 4 0
2956118191 4 0
4913612 4 0
3478249697 4 0
3889883835 4 0
2329186478 4 0
888887824 4 0
2136527784 4 0
2134863261 4 0
2574983756 4 0
2935104043 4 0
2273762298 4 1
384663002 4 0
1647277128 4 0
3917171666 4 0
40387244 4 0
2035661971 4 0
1427750007 4 0
1301420885 4 0
1675532692 4 0
473964143 4 0
96869327 4 0
1861903521 4 0
1760889189 4 0
3494484418 4 0
445677037 4 0
4041530547 4 0
1979432515 4 0
2335026201 4 0
1387045133 4 0
670728469 4 0
4119325375 4 0
1165484119 4 0
2663501502 4 0
2466529490 4 0
56180530 4 0
3250616729 4 0
3826955406 4 0
383692718 4 0
4027565409 4 0
3868581328 4 0
1043363015 4 0
3818251621 4 0
4176707389 4 0
2559438646 4 0
1035111444 4 0
1036775972 4 0
1714864421 4 0
661060207 4 0
1296996531 4 0
433367353 4 0
1588983944 4 0
629873047 4 0
2129914716 4 0
1737617670 4 0
808615060 4 0
4216108340 4 0
124519510 4 0
1025626141 4 0
4220015126 4 0
2048556257 4 0
2046891740 4 0
1842792310 4 0
3266944154 4 0
3265279635 4 0
831697732 4 0
2214863469 4 0
3861286748 4 0
1972185824 4 0
3671738396 4 0
285237827 4 0
130302638 4 0
2511752284 4 0
1139468823 4 0
968860511 4 0
40724176 4 0
809876430 4 0
2321518864 4 0
237093279 4 0
1221584775 4 0
1512820194 4 0
686674149 4 0
